#!/usr/bin/env python3
# -*- coding: utf-8 -*-
"""
NEUROBIT CORE MATRIX M13 - TENSOR 4D+Z
Arquitectura: NEUROBIT_DEV_TEAM
Propósito: Cargar in-memory el mapa de tensiones numéricas del documento fundacional,
           validar el eje central G7 (7,7) y aplicar simetría axial.
"""
import numpy as np

class NeurobitTensorM13:
    def __init__(self):
        # Inicialización del mapa numérico canónico de 13x13 celdas (Hoja Fundacional)
        self.grid = np.array([
            [1215, 9375, 5625, 3375, 2025,  972, 1215, 1458, 2025, 3375, 5625, 9375, 1215],
            [9375,  405, 1875, 1125,  675,  324,  405,  486,  675, 1125, 1875,  405, 9375],
            [5625, 1875,  135,  375,  225,  108,  135,  162,  225,  375,  135, 1875, 5625],
            [3375, 1125,  375,   45,   75,   36,   45,   54,   75,   45,  375, 1125, 3375],
            [2025,  675,  225,   75,   15,   12,   15,   18,   15,   75,  225,  675, 2025],
            [1944,  648,  216,   72,   24,    7,    8,    9,   24,   72,  216,  648, 1944],
            [1215,  405,  135,   45,   15,    4,    5,    6,   15,   45,  135,  405, 1215],
            [ 486,  162,   54,   18,    6,    1,    2,    3,    6,   18,   54,  162,  486],
            [2025,  675,  225,   75,   15,   12,   15,   18,   15,   75,  225,  675, 2025],
            [3375, 1125,  375,   45,   75,   36,   45,   54,   75,   45,  375, 1125, 3375],
            [5625, 1875,  135,  375,  225,  108,  135,  162,  225,  375,  135, 1875, 5625],
            [9375,  405, 1875, 1125,  675,  324,  405,  486,  675, 1125, 1875,  405, 9375],
            [1215, 9375, 5625, 3375, 2025,  972, 1215, 1458, 2025, 3375, 5625, 9375, 1215]
        ])
        self.pivote_g7 = (6, 6) # Indexado en Base 0 interno para operaciones matriciales

    def verificar_anclaje_g7(self):
        """Audita el centro inamovible de la simetría axial (Debe retornar el valor de la Mónada: 5)."""
        valor_centro = self.grid[self.pivote_g7[0], self.pivote_g7[1]]
        return valor_centro == 5

if __name__ == "__main__":
    tensor = NeurobitTensorM13()
    if tensor.verificar_anclaje_g7():
        print("⚡ [KERNEL] Anclaje ético G7 verificado in-memory. SINCERO_OPERACIONAL.")

